07395436520
07395438710
07395432520
07395433000
07395438250
07395438280
07395438250
07395432520
07395436520
07395438280
07395437230
07395433000
07395433710
07395438710
07395439970
07395435750
07395430540
07395438250
07395434750
07395434170
07395430950
07395430850
07395439440
07395436750
07395433160
07395437630
07395432360
07395438250
07395432520
07395439970
07395437230
07395430540
07395438280
07395438710
07395439850
07395435570
07395436520
07395430540
07395433000
07395433710
07395438250
07395439850
07395436520
07395439970
07395438710
07395432520
07395437800
07395438280
07395438620
07395432930
07395437790
07395437230
07395430950
07395439230
07395434750
07395436750
07395433160
07395432360
07395436840
07395438400
07395437630
07395432910
07395439440
07395439570
07395437400
07395437350
07395439960
07568244323
07568629901
07568244323
07568958001
07568286405
07568323800
07568188018
07568767911
07568683368
07568985039
07568412670
07568311083
07568610341
07568795050
07800756834
07568613035
07952409738
07807886099
07825911047
07459169754
07943051106
07967551292
07414215724
07378661383
07870597003
07880642915
07378930106
07453549553
07984488883
07568286405
07568323800
07568958001
07568767911
07568412670
07568412670
07568311083
07568985039
07568683368
07568795050
07568311083
07800756834
07568188018
07568613035
07568352324
07568610788
07568260109
07568435615
07568590234
07568271269
07568469815
07568458506
07568537789
07568207113
07568682091
07568692248
07568506273
07568637345
07568772905
07568798087
07568208784
07568270045
07568610341
07414707568
07568307826
07568464478
07568765929
07568323223
07568285998
07568770867
07568262101
07568288914
07568959903
07568761729
07568772381
07568409914
07568921810
07568773328
07568258066
07568639369
07568766061
07568621322
07568222326
07568222007
07568785754
07568913014
07568217288
07568222024
07568318197
07568771448
07568781442
07767407568
07568616927
07568971514
07568233484
07568917459
07568635047
07568083731
07568244323
07568772511
07568317475
07568931353
07568958282
07568213868
07568325044
07568968523
07568690416
07568305654
07568622932
07568775554
07568441599
07568632841
07568698695
07568786497
07568558873
07568201124
07568286489
07568403715
07568774086
07798625304
07853315588
07475937470
07479468572
07789882851
07908495970
07792156858
07961264560
07804743532
07577767728
07930635908
07919051912
07772326999
07880940557
07484783811
07789888745
07464595513
07963427551
07717784114
07305873697
07436893296
07866557809
07791758087
07391656013
07759706934
07949022213
07989592874
07929634422
07501011561
07722860444
07447961703
07966882461
07899765624
07960841503
07726581949
07404630483
07575780080
07578029675
07466999133
07460426226
07929251265
07465001244
07787291500
07773437111
07729626523
07341828068
07980400130
07305805914
07984961079
07795292291
07379301722
07402398022
07851809885
07742083944
07402243350
07456985828
07808046115
07857290513
07448253775
07841903001
07506022538
07762707089
07903754543
07749486249
07405728794
07586246700
07453325590
07929036152
07378553767
07747621680
07934587554
07538843630
07710351070
07867300447
07852543711
07837550387
07463367089
07548501766
07737216786
07741909761
07305023861
07562475857
07396313518
07496408517
07792871185
07383998862
07474163631
07800513339
07908693006
07554825223
07729096178
07905778872
07899418624
07475975895
07533042853
07950810796
07909339306
07405713124
07472128610
07455342871
07396339832
07930180236
07888665998
07401968978
07798501978
07983012779
07548657702
07535210214
07580428429
07506760366
07795511646
07981789713
07531515538
07566747173
07958269992
07887806640
07766568088
07779300362
07521659810
07551546214
07931298437
07917698298
07941877607
07881731973
07577019580
07379339909
07858508017
07875136711
07776655391
07792206735
07464190026
07454131332
07903537159
07414878440
07817590363
07773181617
07587599679
07814054918
07716261465
07771542041
07854208414
07939105245
07459037333
07796466167
07881607804
07853644422
07814010080
07943341362
07464239199
07984699194
07800951635
07908054497
07500230611
07588802664
07920746601
07989724079
07979361819
07471949424
07495988491
07404925336
07474728835
07979917305
07867123183
07968205294
07932986608
07940232121
07412921153
07488301057
07880362628
07384811809
07504545325
07405341857
07481311904
07583857130
07711921097
07500844746
07495458628
07891895468
07947638266
07463272020
07930198652
07868501453
07927393333
07795806513
07449114824
07754253000
07495771348
07791446529
07404013100
07719294679
07481287078
07881361885
07882382661
07456826270
07999103938
07772021529
07868429565
07500376648
07982606342
07449163493
07831265299
07954802535
07771647896
07429007614
07532131072
07946056538
07932829088
07943603270
07396083105
07837050289
07772290367
07939121468
07792012777
07507714317
07538656336
07784747051
07896275232
07956169762
07411877058
07903692712
07946708931
07932860028
07861475656
07421996645
07584903807
07825738388
07554414252
07519510070
07377550144
07948620701
07900416701
07536349344
07776427743
07469848421
07815061313
07305966722
07828573575
07415560913
07425773490
07879387599
07880935207
07949755418
07422847971
07459470894
07593620268
07814949977
07948053320
07869994264
07847346102
07939530490
07818037122
07790771107
07954025164
07956870639
07790536819
07427311242
07799861693
07919888167
07557504646
07848155232
07792330570
07957339928
07891861183
07984650030
07942979333
07484395806
07967266112
07585550083
07404029983
07966139746
07896277404
07932925715
07868364684
07960229598
07487894802
07846149006
07401620007
07410938908
07414254331
07768261398
07939607930
07496640840
07503927292
07589463910
07923843394
07581149146
07411109151
07954411236
07970303226
07448116358
07519424240
07495167205
07786448575
07555521572
07957479076
07927349814
07429428836
07403086520
07786895436
07500305741
07732956174
07909424849
07908132766
07497759748
07717777484
07917096068
07895310301
07426335117
07443521844
07436805054
07510434102
07397399955
07847618020
07415336169
07462057208
07817645409
07958028292
07986739326
07899351615
07722610488
07765249279
07444765914
07549497348
07875529054
07787425038
07574676728
07905644490
07769289490
07549197067
07731980580
07411014886
07984722979
07919102237
07932486569
07818134133
07859021512
07588312593
07713666308
07971227306
07488914305
07502388405
07771913941
07944362132
07514209336
07943480928
07769152268
07485120201
07398991413
07459453345
07976987097
07944289462
07941680345
07914147830
07531050093
07980724857
07551447700
07866257561
07761591705
07837545063
07470285210
07778484746
07404589167
07747098389
07511233648
07867854919
07547976811
07759830401
07772234437
07930031655
07377282626
07429037763
07747356286
07919332792
07555638555
07920820783
07305219805
07566747185
07986612886
07396329656
07941347895
07432098824
07424993690
07828963283
07951849525
07478753538
07719806826
07447953079
07375537707
07884615269
07557130210
07879694844
07957470101
07774329750
07913629571
07377794416
07443333208
07503474591
07424158363
07792216801
07813830337
07917633153
07950710114
07903477864
07787885259
07918858083
07342737471
07368519164
07728341322
07772456946
07444719694
07905484099
07917709124
07940264636
07583174186
07792965579
07465245584
07833464553
07919605908
07532310716
07471174099
07852395341
07404449619
07392186921
07448506921
07810007587
07854296483
07814415590
07442525015
07813083641
07858048151
07368225680
07399714488
07436690072
07884180049
07480870058
07417524577
07424442266
07914093657
07837690751
07881297417
07588006691
07581230662
07894867013
07588776880
07484853364
07774083031
07460276776
07494078719
07483826547
07505729949
07913956265
07444957750
07816011459
07488400108
07594714877
07540197401
07977102065
07930002903
07463977267
07908604292
07437781491
07828434655
07878835557
07794799998
07909113514
07788807976
07551192321
07411115242
07764635494
07481144046
07706074289
07375079986
07923180501
07973738670
07412552812
07772625346
07572158902
07845316338
07403675469
07432554554
07473649873
07492017226
07887928685
07830284471
07804946648
07554859658
07800600927
07526900354
07984369355
07538249679
07774282422
07895860469
07563625333
07379355888
07531438419
07587212118
07854868438
07534216952
07446443342
07990580898
07448071815
07904902885
07868773349
07707788198
07736765997
07513539021
07812756061
07403154995
07944869996
07460571845
07557304909
07552107863
07380800843
07757380293
07944400610
07855689111
07403150384
07807920694
07795898524
07989511878
07754155499
07799740506
07804568341
07939418338
07881695675
07791172118
07436119289
07913405435
07444957750
07877524028
07852842856
07824542750
07944817958
07941002879
07576077503
07401281368
07976535550
07833291552
07706077701
07447923396
07786947527
07988214027
07788458451
07576578231
07539827588
07875281929
07835613915
07821357432
07940159412
07855063227
07544912240
07492646121
07956520195
07788375974
07795898524
07523749799
07825512647
07463662694
07754155499
07758152901
07961223705
07395497964
07773023763
07379168517
07939583659
07968357068
07411502947
07831227799
07557223967
07432520895
07563625333
07504502307
07404704563
07463844976
07511339793
07446443342
07733170320
07570836897
07706913182
07497464905
07971376533
07824167065
07494268369
07436790338
07474909067
07914699720
07794281797
07806856654
07481070101
07949725371
07596129233
07498732230
07983008821
07424519226
07931186764
07387745005
07527632345
07761456025
07977440925
07404881844
07379355888
07838705306
07532759085
07388068448
07958133475
07941600034
07891475529
07476873748
07464267868
07903791193
07466892925
07534216952
07887920685
07577879345
07388338501
07957765501
07495239842
07825002339
07833782502
07796655129
07384769735
07501027723
07833547354
07468410680
07971027207
07702595701
07478722522
07967275426
07903561195
07887564876
07971523478
07491655171
07990580898
07944495549
07588556669
07477199891
07393576724
07899903923
07724561608
07873828255
07871500294
07432522149
07957807011
07587212118
07375079986
07961055681
07463915279
07940593662
07984394956
07909960228
07908041748
07500393062
07788846285
07950403642
07425111446
07728782078
07944063572
07403140579
07779812873
07968565152
07944348160
07990019399
07779144810
07448007268
07729047738
07913672491
07775712490
07887693694
07716311071
07973698082
07448715379
07448071815
07538387862
07908472221
07773138170
07780626601
07428110973
07459515776
07460877949
07855804573
07984569191
07404589239
07907741249
07773742804
07396189368
07481708464
07956053126
07477869734
07779222095
07935767230
07460276776
07866503662
07538611222
07577292325
07817914278
07528829503
07405873018
07440727163
07928752295
07946731878
07404828618
07539278836
07908962454
07951781623
07375031852
07900033651
07762153455
07446964840
07450664015
07388139250
07403521353
07413853785
07554970088
07447759050
07365031673
07435268738
07760703604
07557101739
07550246247
07904444664
07455849131
07778653531
07387583556
07478669662
07828457960
07542937852
07375040926
07862221743
07505494722
07967701515
07780196803
07752350631
07446172249
07890096473
07733110874
07890059974
07459932244
07522596018
07973769491
07391582488
07765246748
07836779576
07577442173
07827279127
07939231015
07387437382
07463123623
07875683396
07453363669
07947722709
07920053555
07459419596
07534193385
07527444555
07729792969
07934558560
07961593651
07985285629
07912375720
07947997281
07395676152
07494547926
07554880687
07966351550
07984498897
07538432822
07533562902
07920220989
07852837906
07495429032
07902724378
07737743495
07899781984
07837381672
07848459368
07816625093
07463002085
07944852888
07467390327
07484115856
07469955340
07984788511
07919584494
07775425517
07404105722
07825168475
07940226907
07392823393
07557386839
07823353103
07464938866
07438781202
07778636501
07718817249
07773519977
07833903197
07588377783
07891110627
07523876167
07870130287
07415446969
07576590961
07446093769
07494772413
07791157825
07494078719
07799102825
07395671061
07506765661
07445973548
07538135879
07766880446
07475004119
07847277696
07482556931
07944770149
07970715672
07281290045
07989774934
07969555271
07454734968
07884166845
07463244838
07394147061
07876823026
07946816173
07572011095
07774523406
07411554289
07866869454
07553255467
07791899555
07961288262
07946007119
07534941173
07425153590
07826232434
07835144731
07442438373
07776030126
07505983301
07760217829
07488354707
07421833563
07969728637
07914726340
07964335209
07976262264
07973751393
07446898488
07732828801
07395409189
07845451256
07748832188
07760705682
07956894154
07956416783
07792230049
07813913980
07552215440
07553255467
07956167652
07576981787
07769768289
07944150600
07383966052
07454023003
07484672901
07787250688
07827448510
07816321855
07447595290
07791643914
07944762305
07465009001
07884020647
07488358058
07931107148
07999996091
07927802911
07970817409
07787736782
07366589111
07857120323
07421827491
07875524749
07837744110
07805280243
07462121357
07534805158
07379581999
07795522825
07500933462
07772910159
07432648756
07444663106
07478906019
07787900158
07453964092
07538366752
07415917406
07823771126
07929656184
07772982899
07466851155
07908830601
07490054313
07423678096
07749736302
07508011909
07393452048
07823339593
07766310132
07828944082
07768321472
07581845249
07943565340
07796848433
07466813880
07795233026
07534842354
07956318531
07432878465
07828918770
07794078254
07858851234
07938154833
07903881669
07541734974
07739480497
07538481508
07760887323
07960858518
07956699322
07772806393
07954420478
07488301761
07449347550
07380892984
07929862591
07582441741
07377965135
07526382471
07876080219
07951711331
07904270899
07925278724
07432879827
07557028959
07906146080
07486455781
07442120021
07480925798
07484719623
07445068051
07943895085
07774282259
07768744225
07847778051
07899364148
07519638451
07983919812
07459892678
07505927176
07862803265
07858042273
07540268412
07392303972
07943000499
07475005575
07794346955
07867505116
07796810994
07519699480
07952660831
07943360265
07722846305
07931853282
07877708853
07786824472
07884216669
07432520529
07578751715
07496375873
07462598235
07967318806
07870916459
07377703223
07830795145
07743072184
07748754936
07478227267
07914933604
07539498207
07502036073
07833533817
07479723413
07488527636
07432542426
07904910787
07988650798
07479767057
07490989987
07954817509
07413530312
07825229768
07482733047
07812855473
07887838380
07969515666
07551717233
07904395845
07405605601
07810104812
07437076274
07554880423
07429285760
07837181207
07949983501
07984273580
07931418968
07923199994
07989566554
07800739274
07758339666
07886177436
07979358062
07939087757
07393075163
07917065603
07806767507
07480418044
07449945024
07754412590
07748765633
07493727998
07827325350
07587223697
07432663789
07964324713
07894204718
07791009752
07771541885
07484653581
07977056244
07445247834
07896150218
07402493449
07831425610
07969155787
07502747076
07451342312
07940875773
07779746839
07542443573
07466946814
07929156450
07960235202
07766649822
07584709327
07903077838
07474799447
07766574179
07476594449
07708959796
07534227520
07305822269
07903791126
07728296189
07722185460
07757718785
07481929403
07974542947
07498882335
07986953339
07919441933
07932302841
07444418774
07790341387
07788497062
07798800900
07880900998
07388361351
07471541801
07796011270
07419167881
07496572476
07376373627
07478001355
07891114132
07511783292
07501518580
07527441197
07897733762
07341550885
07895829299
07479715000
07854002063
07899930403
07831409262
07504294247
07480210085
07472609402
07761546470
07452866306
07574630856
07800840032
07707986152
07446041072
07568767911
07508729752
07498823836
07568188018
07477013299
07445666659
07397930982
07480442466
07706526741
07388775616
07388868546
07863642308
07886307746
07943146997
07847936660
07395404471
07501400123
07581310702
07572448386
07904465751
07427210038
07981033012
07946363602
07805239654
07572948540
07830309292
07836356945
07772418471
07904045354
07833461464
07440365871
07539261721
07900496560
07528068405
07773851508
07773452580
07429451117
07887388945
07399812483
07919491240
07423602271
07818021719
07905219475
07492792079
07583052802
07492322622
07389186444
07940359487
07446352097
07598992942
07960638460
07859906052
07796003133
07741989881
07903749634
07766573185
07472014295
07939683538
07449494473
07550262431
07448833104
07446213554
07510509986
07413414308
07982906637
07949313463
07791252996
07542398599
07480137840
07891649190
07552668776
07779230687
07986743434
07966098329
07796056449
07500905086
07824466998
07731583710
07445665974
07552760510
07481301162
07768197467
07397964841
07480619144
07500827356
07771653903
07572578502
07496476448
07874352703
07791844000
07780382180
07375102421
07825020702
07831213118
07412989001
07514286722
07341982046
07423294357
07810033263
07376382328
07492284121
07538586611
07951568903
07538194614
07967191717
07939312672
07405119759
07983540625
07800710214
07404346211
07851892255
07904985321
07446222395
07854609372
07828431085
07767016135
07491972219
07970208054
07969623610
07877542955
07905224402
07305627627
07958146743
07837508467
07401137012
07578537499
07983742021
07970846151
07498283422
07791858357
07794398328
07412209260
07541130930
07799038785
07534242854
07576265978
07941563049
07491474049
07878097942
07772638832
07429192171
07842797786
07454099995
07397164100
07593105043
07970451826
07931531017
07400090668
07786808662
07908715619
07938344572
07878971482
07958733682
07917224549
07436007667
07491869673
07779041694
07785631974
07854765564
07577239928
07578009411
07887246756
07379810051
07427448665
07464047929
07553360008
07970767930
07769288994
07886024238
07932032623
07543579059
07505973691
07852901696
07771546105
07395477092
07932067760
07706863205
07577239928
07825417342
07366377522
07929054472
07397133717
07794260267
07555164788
07956904501
07576153684
07931291626
07900001047
07402019891
07481457356
07780200994
07389101000
07816992943
07535666862
07930109476
07511298163
07957071894
07850859763
07854224545
07484777785
07578965977
07904527380
07971702033
07411517900
07975713130
07761798243
07721340327
07596537860
07727484886
07723417719
07918924564
07920857553
07495966671
07743387451
07522394524
07972713363
07768714905
07534901664
07866743235
07786980799
07392809261
07908427596
07513717799
07871577215
07454023446
07415373130
07770564097
07930314705
07867782145
07969890790
07984495405
07375548756
07846972978
07854418311
07971063415
07495651669
07588658339
07958308781
07800975163
07459807047
07504688686
07848460699
07899844425
07365297044
07375939349
07398250432
07508846354
07796685022
07792078718
07426413111
07393645557
07454338206
07412806812
07814472718
07796248573
07974480933
07518607698
07733363331
07920759022
07776836367
07901622301
07456559695
07882171754
07888030909
07976289098
07794589542
07450297684
07506773583
07459755726
07342379004
07341447307
07459012649
07833291932
07542911410
07485010019
07493612277
07585664757
07961089065
07494360852
07585778393
07943414932
07444886186
07877282963
07464719335
07714753334
07469717698
07435393372
07456790938
07984255238
07922791118
07943900305
07517465280
07368360158
07967869653
07415983023
07419784159
07342992976
07397963578
07585007978
07943160592
07957150291
07475116476
07775366549
07970038745
07757612941
07480831093
07508904577
07554540408
07766173426
07903645063
07496243414
07932553729
07404746234
07876686364
07731999132
07383553963
07766117833
07534127241
07919100243
07429261951
07791307612
07824602443
07436119708
07988269737
07904855549
07825020308
07869782532
07825444526
07847452342
07967226369
07377366390
07493371693
07900698190
07462222277
07501482505
07415030724
07407712178
07796677826
07404290795
07977374931
07435379067
07448352890
07478059138
07475118816
07732857517
07487208157
07949072285
07828061132
07813683475
07428593357
07943818799
07956152873
07941385123
07722508222
07748598560
07747344464
07857492811
07985730396
07786066441
07368303980
07557853244
07989963708
07769737405
07846826010
07918714145
07930938618
07505202002
07444360627
07796443303
07941689728
07837450820
07447190664
07440746489
07506442606
07812382839
07766621792
07917410971
07880854001
07766595839
07584664109
07761587445
07884280388
07714616880
07851493136
07463649737
07979081069
07976285824
07427028157
07403407188
07930189287
07960234762
07479077034
07535929401
07799403833
07932071504
07447803499
07503642709
07769268450
07792326161
07796018533
07766926599
07578398783
07816418160
07985289883
07786678608
07554886019
07722593975
07919340081
07377558307
07402566448
07450814707
07791014992
07930338197
07722675617
07980311528
07748800909
07535996377
07803312805
07505454921
07491576331
07900111918
07565859191
07530077531
07760175826
07883149833
07557338576
07504009655
07854327040
07376132267
07584235978
07884185713
07368395041
07747876854
07958483181
07561066620
07827545117
07480142225
07487730537
07828891242
07403783295
07949662241
07498189640
07867301432
07572418801
07938130473
07956311046
07774369111
07791959860
07572648250
07926293402
07840290510
07769697673
07496427176
07951889065
07377386434
07985214961
07813094849
07727222817
07366562229
07523276237
07484679041
07958970434
07966486519
07956876098
07789902903
07999213326
07535453585
07951292896
07593614686
07816835060
07947882904
07747037461
07782635329
07500774076
07770311376
07411425260
07530978702
07596425970
07428507962
07498090042
07471897468
07572541704
07775736442
07967207527
07402165148
07884847832
07947854192
07826215441
07437761128
07583114226
07779282165
07496089842
07950118338
07774444423
07484871320
07870586996
07450141717
07506784108
07477625450
07587419778
07833390163
07946770907
07402100020
07577445587
07527008451
07387812510
07971092947
07424646021
07853839190
07881370037
07974845489
07833893749
07985118746
07581795602
07887931137
07424416070
07906653107
07779719615
07780157898
07972822239
07378342121
07853832209
07570759459
07584621587
07878077842
07494267045
07929004117
07584922604
07961757711
07983543499
07743358339
07787552951
07837687044
07402836011
07956090351
07477076277
07574344233
07517000142
07448126038
07305926951
07957756112
07789938119
07852760876
07788287307
07724174721
07933969714
07983117051
07554948076
07929309863
07930206026
07460325853
07771587531
07446941933
07402890674
07909913086
07456259531
07810711208
07900780578
07931167537
07572376173
07444041453
07447155606
07480737926
07999785850
07595526597
07478528198
07599503983
07824810875
07778459663
07825535659
07920553924
07388904633
07766731115
07920048270
07970753365
07426280189
07759348768
07599033067
07830789461
07762834118
07771880358
07737420307
07934371560
07388039230
07476781881
07532604792
07880749968
07772456979
07585899339
07447650782
07949513457
07858918028
07854691613
07449953657
07803315087
07723944955
07811002578
07368472275
07771931146
07765921660
07853797261
07542535909
07823779782
07814593010
07789846737
07882953026
07932615562
07913684483
07593055524
07594724220
07908685190
07305775038
07480581580
07968193969
07752572224
07584686449
07817396282
07447940140
07853806424
07878844971
07969195832
07407414517
07984553620
07531594653
07533018443
07475751405
07875637078
07920480413
07762356331
07823503129
07783127347
07451207286
07432233377
07473112279
07780116879
07817509152
07752453477
07818240903
07463804279
07500917880
07902068228
07855580323
07584126426
07480212092
07510658186
07522371526
07716395154
07708305960
07902001653
07790745749
07400907807
07909510041
07856242132
07891392726
07411214279
07341856845
07870575445
07543623068
07878693777
07717206690
07501733950
07966337795
07393862863
07757622127
07788410792
07578355855
07552599163
07507055520
07788779495
07496450864
07795157423
07305976722
07597572440
07908708164
07488241776
07967418038
07450066731
07958752205
07943629886
07494774098
07778325250
07918900286
07936627364
07941826933
07788285935
07432015395
07877379180
07492918838
07554189052
07411051655
07484354032
07961738695
07503933373
07930476939
07576969665
07508962564
07931407560
07791959256
07795363700
07900861078
07727183337
07552669200
07464146555
07401761592
07383517085
07465069857
07488455303
07815061869
07583303088
07903394747
07451062727
07796690973
07946304234
07787446930
07397024079
07846187877
07570939483
07766933712
07766490060
07387445783
07952645057
07395246088
07956216235
07405024797
07846478730
07920403909
07432329851
07982248569
07366594651
07983657756
07804832496
07450823819
07488347633
07731599484
07340657772
07971052583
07588749255
07469543404
07444341338
07491917412
07572605201
07970272224
07497582241
07920080035
07986433721
07717863240
07445586888
07949606321
07956413099
07950339997
07825300316
07910052325
07827730691
07527949820
07577798422
07948610184
07498079757
07887504542
07904185249
07474518515
07939595270
07799474150
07771211444
07486056999
07828574264
07498734219
07887790172
07713938301
07709624827
07599075992
07884187621
07958810307
07878761061
07538775642
07491649531
07554648958
07492984676
07780306511
07900735485
07424321553
07542961226
07918412903
07940768174
07824359333
07984377301
07930534310
07449709707
07475223922
07948605075
07450242630
07792024724
07495454743
07476101202
07305786250
07999143789
07534186579
07486852686
07477474244
07817630740
07860033403
07441915274
07721430589
07961568804
07852839379
07849528130
07949820980
07778496476
07411047757
07896635038
07949554353
07378773592
07961904091
07770277745
07813183261
07970634971
07799775658
07804604489
07492351229
07462342323
07511216036
07854506048
07723061021
07368430089
07484104617
07843834846
07825302464
07989665115
07759194513
07792706940
07768098228
07950540347
07774448802
07877339686
07861643110
07919301432
07580194918
07424943832
07748655976
07554870302
07971858921
07429517590
07917422046
07581213828
07852414264
07838839275
07939689297
07491081018
07487238141
07493198507
07737061778
07475140025
07392299551
07865544065
07519869159
07746820487
07423831787
07456659459
07766103911
07968632771
07440700675
07748377653
07847624076
07882215716
07450811206
07903623451
07383210534
07952931553
07508417135
07475655575
07932568665
07480307104
07547687815
07950426533
07800760053
07399881447
07397830551
07980161571
07854253708
07811406657
07931394455
07402036462
07768971525
07305150269
07825222236
07929952512
07988752333
07581209543
07875626506
07477362798
07931291259
07449301870
07939126994
07539866698
07955000532
07397895818
07530575682
07527513212
07969780217
07403555587
07768522134
07415690501
07460899284
07773271778
07903820317
07824098394
07772555352
07736744680
07949219939
07532724509
07411233096
07760547999
07496316954
07861111107
07825417217
07434414975
07961703296
07584352849
07867482439
07459883410
07464698704
07511387671
07588372932
07397349186
07383987422
07877752285
07495370344
07501004953
07519869508
07857667941
07921023282
07948759577
07973420345
07810432012
07825581494
07500458256
07393938020
07413998444
07747017427
07904660203
07983460363
07879493687
07496883853
07824443194
07393352931
07496115060
07401849505
07498385783
07969871017
07584248325
07791216498
07940073245
07402171941
07501654247
07743821567
07932810254
07843370613
07943808991
07720378848
07939458980
07496505524
07538738149
07305750828
07903891118
07570946367
07486897966
07470214922
07939920022
07427605634
07447923152
07866995913
07475125508
07780453816
07459127299
07791009251
07445691902
07795277037
07837982834
07488323122
07766013260
07413314044
07774097408
07880497535
07712741865
07878688079
07878025080
07884481620
07494609508
07825417658
07508207734
07778237002
07445093731
07384656651
07824485378
07555582930
07799266559
07789117280
07930134143
07340555790
07572772185
07404471367
07737675616
07949283928
07840171208
07808233778
07955318684
07967505406
07939145392
07966414222
07443511693
07814982815
07510977722
07977218220
07976637482
07780690214
07576236126
07954138883
07890636956
07838497680
07909009240
07899044540
07576220727
07724846056
07505104440
07918185128
07412474841
07791000440
07717107176
07454792700
07792314552
07388074742
07506475584
07984634219
07810055505
07480565733
07908917341
07568297066
07756313141
07765839292
07914568787
07842774070
07496861809
07440578270
07587833727
07984482400
07468455637
07460861650
07908233804
07782379281
07494140768
07899929632
07864221643
07919201431
07771677132
07917474699
07747565206
07450917894
07769296900
07805999222
07867125878
07903711820
07448446599
07778038759
07463638658
07880494609
07985294813
07946669997
07833684975
07532499445
07806720990
07950317679
07508103299
07811456726
07807522601
07432198425
07538821007
07916021379
07568616927
07380810360
07446061076
07815533950
07941500441
07908124108
07580860319
07453341821
07500339245
07392337420
07944860495
07779230527
07946056553
07918309326
07768668361
07814155321
07378875709
07792040432
07831291574
07467375715
07823749455
07944714618
07445910049
07454704400
07555666835
07772683494
07706973071
07471896174
07492920322
07890235334
07383979416
07825569784
07462585298
07473834296
07967492388
07972899779
07906010760
07765057971
07507690313
07542829100
07789697099
07504992687
07973282643
07554099246
07796950586
07813127923
07506031620
07470631563
07768301415
07967580983
07958237232
07915152672
07837052645
07848012395
07747479494
07788728524
07810745551
07557533346
07552430446
07720392686
07415469045
07770077797
07460870183
07492429619
07919868323
07931198845
07534812657
07502643377
07737099574
07516111287
07498613048
07484174224
07766719347
07341273909
07867726608
07899053872
07982661221
07715579566
07972651148
07486526033
07883088568
07800798004
07817286246
07788746514
07554265965
07580805066
07976350999
07949474699
07572472254
07931807101
07831565651
07446870491
07782641952
07423503052
07401661566
07817730083
07572879574
07904588096
07493219195
07426718863
07786242572
07828737499
07977091048
07794049084
07531805168
07828279923
07984644688
07941350709
07506912054
07950351350
07436526033
07378897955
07940334879
07404847506
07396355454
07774318239
07776060113
07449583623
07706565472
07951838788
07854213919
07463356600
07957093581
07999157353
07931238160
07815970189
07375967258
07922753924
07971008887
07958534813
07952282855
07776070000
07805084084
07907169393
07572117940
07377705054
07490973726
07736687645
07450174016
07761479486
07796342181
07807171190
07771800170
07493727157
07950799566
07989481750
07375550087
07879472190
07447932692
07506721423
07493352879
07946534766
07415108789
07491389276
07773325958
07828856087
07837753688
07814987688
07413166175
07487226969
07584601366
07450266338
07475425096
07305767050
07964370866
07481811420
07517512324
07412097727
07861381200
07711752887
07463543551
07827285922
07754133149
07425357956
07944140089
07848876020
07722480536
07873563422
07837955910
07449641820
07481993709
07460630487
07413030027
07853841025
07534036950
07401670620
07459038862
07944570651
07527844810
07986286976
07469186049
07914081912
07776666783
07926663589
07722817206
07393915518
07375343686
07452878104
07728749737
07774279667
07440458902
07405466676
07927637566
07832188869
07762968479
07967823471
07437745451
07852318173
07915516913
07958123075
07848095800
07468511237
07535782090
07757334524
07931475396
07824808582
07378341412
07585970764
07446480959
07765226285
07982602013
07424474179
07877983679
07957612272
07398712694
07535643202
07379689823
07968008291
07848455735
07747697356
07467117191
07947810869
07584290756
07444097756
07399716965
07941956553
07774611464
07946394666
07908808833
07534616028
07455927793
07718950743
07366592840
07977810543
07454362942
07403792206
07813178980
07508303196
07950019125
07990702704
07948925929
07897680408
07450650179
07758183420
07898884659
07396386468
07547230822
07533237625
07931194563
07905675568
07791155618
07469989443
07804919036
07800604781
07496845182
07533318285
07983724242
07831655096
07555452870
07450935568
07901740272
07473071418
07825640634
07482601436
07557373357
07450288537
07510410454
07837566659
07748733298
07932772010
07790600003
07854460035
07854978218
07462631723
07413967408
07989562054
07575567657
07466477329
07969699155
07900455154
07792019949
07494436559
07771885424
07908031427
07578726883
07541682197
07855180983
07484301477
07930420843
07584626713
07825330625
07464163200
07434729665
07805081169
07478710465
07901046825
07305690485
07523261086
07792377403
07538717303
07721929394
07964014178
07952435122
07795563090
07920779610
07384769110
07792239643
07538954507
07891984857
07384290955
07720514107
07786865885
07527719868
07954433614
07427609129
07539609235
07774780669
07498220813
07472688503
07488297316
07931223788
07479541125
07974199098
07403601606
07843707973
07402358664
07383978848
07547359389
07796710949
07957959279
07483864207
07954814954
07880910429
07772335352
07812365341
07415266711
07503404685
07932623844
07946756569
07770013502
07950774752
07469684905
07538964667
07490154601
07828059238
07342065917
07477540144
07773088693
07557648174
07481757765
07870272908
07974993314
07516500694
07930679618
07568781442
07466931297
07597869928
07811970302
07817982596
07429982826
07432811946
07766495484
07766495484
07766495484
07766495484
07949539738
07476779353
07979243313
07534718725
07759074915
07562400217
07552231276
07914145760
07931818581
07939656219
07779473472
07939361401
07903135809
07415952107
07852204936
07856464837
07578724656
07455224718
07884332384
07575220050
07874377838
07875495757
07523372362
07766495484
07388136706
07736215363
07899913929
07429220077
07722133699
07908796780
07552231276
07939656219
07722133699
07856464837
07562400217
07852204936
07736215363
07884332384
07979243313
07903135809
07899913929
07523372362
07779473472
07455224718
07415952107
07759074915
07368387788
07578724656
07476779353
07949539738
07550239293
07874377838
07931818581
07528634461
07500240732
07443203871
07388136706
07980894590
07939361401
07575220050
07757961725
07914145760
07459728924
07766495484
07414916325
07875495757
07497001563
07990077185
07947563868
07788549637
07938810888
07399260193
07944389926
07908796780
07454804767
07976069892
07960261233
07516496465
07776306936
07846020050
07576260660
07983714617
07429220077
07368277388
07477677037
07786428648
07976269693
07399956018
07825432875
07534056645
07876437327
07414985816
07825199279
07534718725
07858577404
07368207063
07983396083
07493737843
07963517368
07964170708
07403792026
07496833552
07467499172
07466419552
07722471284
07766495484
07562400217
07914145760
07552231276
07903135809
07443203871
07766495484
07736215363
07534718725
07979243313
07949539738
07395432520
07395438250
07395438280
07949539738
07949539738
07395438710
07395430540
