07568381550
07850756896
07568464755
07708507568
07568752904
07568747312
07568545728
07568177368
07568545728
07568747312
07568556561
07568381550
07568539791
07568752904
07708507568
07568558080
07568464755
07568549325
07568187876
07568487688
07568747312
07568556561
07568545728
07568302636
07568437912
07568149160
07568172556
07568519471
07568177368
07568180163
07568701547
07568747312
07568549325
07568487688
07568539791
07568556561
07568464755
07568752904
07568381550
07568558080
07568187876
07850756896
07568545728
07568149160
07568177368
07708507568
07568353342
07568172556
07568095392
07568519471
07568757643
07568302636
07568437912
07568495905
07568701547
07568330101
07568180163
07568192307
07568721536
07568553248
07568590580
07568145934
07568527487
07568731741
07568538311
07568581797
07568706910
07568183131
07568462909
07568435643
07568137443
07568583946
07568531235
07568307019
07568556703
07568547216
07568145025
07568348282
07568302499
07568456560
07568523503
07568079564
07568397007
07568366499
07568469523
07568570888
07568442764
07568311640
07568539776
07568457803
07568187074
07568445892
07568750356
07568557268
07568708418
07568349133
07595352070
07701351619
07886456883
07568187876
07568545728
07568558080
07568177368
07568095392
07708507568
07568437912
07568353342
07568519471
07568495905
07568701547
07568302636
07568757643
07568590580
07568330101
07568172556
07568721536
07568149160
07568538311
07568706910
07568731741
07568527487
07568192307
07568553248
07568581797
07568462909
07568183131
07568137443
07568180163
07568145934
07568531235
07568583946
07568583946
07568556703
07568348282
07568435643
07568302499
07568307019
07568397007
07568307019
07568442764
07568145025
07568570888
07568469523
07568457803
07568750356
07568445892
07568187074
07568349133
07568366738
07568557268
07568484161
07568157838
07568605412
07568170771
07568480719
07568557974
07568396340
07568477917
07568381964
07568179196
07568603066
07568538281
07568438554
07568084101
07568473694
07568076710
07568506905
07568429959
07568581100
07568324465
07568484707
07568313020
07568546007
07568314465
07568448897
07568322020
07568176091
07568401208
07568602889
07568747385
07568532284
07568556651
07568370981
07568455809
07568358539
07568370611
07568515247
07568594441
07568448517
07568748067
07568397165
07568449634
07568350872
07568748250
07568150478
07568079564
07568523503
07568396998
07568547216
07568456560
07568311640
07568188642
07568471829
07568708418
07568386534
07568378785
07568724241
07568366499
07568087886
07568334075
07568406000
07568300907
07568462832
07568071844
07568068742
07568354068
07568582253
07568573948
07568539776
07568397232
07568715539
07568439051
07568533006
07568500023
07568481893
07568632671
07568082264
07568407882
07568594754
07568066115
07568150848
07568540500
07568318170
07568507780
07568590209
07568536230
07568097023
07568323311
07568735965
07568347511
07568577009
07568505855
07568563571
07568307890
07568744559
07568351850
07568358560
07568406408
07568369157
07568529636
07568350007
07568606391
07568146515
07568700957
07568596480
07568174222
07568185673
07568322170
07568528377
07568307310
07568600598
07568704770
07568302938
07568742944
07568439764
07568322798
07568154880
07568095604
07568473172
07568463145
07568550271
07568538561
07568586896
07568449472
07590756809
07568454383
07568714962
07568362689
07568158810
07568717819
07568568861
07568064819
07568148727
07568316756
07568447662
07568562121
07568745381
07568369791
07568070813
07568574710
07568055300
07568517188
07568517230
07568176805
07568314505
07568073119
07568583772
07568406575
07568544886
07568582354
07568090224
07870756888
07568459315
07568473141
07568149911
07568084640
07568490414
07568528016
07568371482
07568052120
07568486994
07568193130
07568456320
07568173373
07568593631
07568581649
07568754106
07568463281
07568752599
07568393550
07568581333
07568493603
07568191112
07568721430
07568592938
07568325500
07568520107
07568701230
07568325065
07568503889
07568600572
07568721390
07568537106
07568087598
07568348268
07568544194
07568062718
07568407870
07568303573
07568515562
07568567706
07568177165
07568311254
07568487347
07568382702
07568327823
07568369229
07568532430
07568505019
07568718295
07568758354
07568059045
07568754414
07568380970
07568496509
07568366640
07568568241
07568522733
07568741614
07568328983
07568950178
07568576170
07568564270
07568318877
07568355131
07568566311
07568314211
07568568882
07568603763
07568549887
07568133522
07568521939
07568464578
07568393555
07568406933
07568503596
07568482602
07568563208
07568479426
07568147690
07568738158
07568593315
07568559461
07568366527
07568444217
07568558423
07568516543
07568307240
07568533927
07568541093
07796293456
07864155485
07548488922
07542613666
07776388440
07544370090
07834834782
07546669507
07740463444
07762288903
07568187876
07582296411
07504233650
07442007007
07917726504
07746807047
07729405864
07802425113
07380830166
07756520878
07523395419
07758598571
07716610801
07592235356
07802436732
07835413541
07958028930
07710525759
07519601438
07738230597
07720754142
07716050970
07793070032
07718601333
07922268454
07817938785
07759128030
07926683169
07985725006
07842861501
07875539624
07931234579
07889636526
07917174846
07764576837
07719089441
07738687807
07885872835
07545284271
07912975822
07719109639
07704585517
07745001688
07912221605
07518793698
07715295941
07747482080
07792480273
07921300720
07925190648
07415855300
07788555255
07714193445
07793281320
07759641210
07880636170
07958403839
07519454331
07847699879
07835775978
07895780734
07860479316
07921835266
07802898251
07803336427
07592316440
07851704861
07921233434
07507272480
07885762851
07809506273
07739903542
07811525808
07763490138
07561250676
07931473724
07872585674
07855604132
07872924745
07713586250
07790825031
07714336179
07742183889
07984323828
07889170882
07592199144
07974553703
07702206889
07858529522
07511032385
07958813521
07811685601
07545561607
07710011817
07703662068
07549869387
07739046889
07713921399
07950270101
07724060183
07912673551
07903803805
07821428468
07729308142
07716452639
07841594372
07903765260
07783434087
07764413305
07999237924
07745435596
07802566265
07849799794
07858046031
07712607640
07521014998
07745914242
07971700742
07712670701
07950667216
07752015497
07834519645
07703779750
07902364119
07815437339
07954535645
07857674143
07425786111
07734315005
07523770038
07791498604
07704932173
07793531414
07976092182
07815775002
07894555281
07525079760
07531264773
07718995587
07925410668
07596255700
07762787561
07841053546
07753207309
07802291499
07515154516
07511241484
07851173693
07966115923
07738007538
07712462090
07850264477
07872997333
07565068871
07732094506
07716587407
07598852937
07738235296
07860367576
07590263288
07533274651
07599442248
07738022739
07850384744
07739048002
07702782797
07729531052
07751202364
07712586959
07725986082
07715406777
07808318264
07592997068
07935813541
07851824387
07931228284
07729662291
07902310688
07803790863
07903311725
07803796621
07712475005
07584134044
07931541977
07801999908
07834315298
07711855236
07873901641
07817289858
07715528509
07595714225
07511653078
07739468119
07928280008
07745817136
07843923868
07740605998
07796961766
07841144878
07568558080
07949924507
07949551407
07768051066
07719436327
07548783589
07834068622
07767787551
07868726518
07802258040
07557393224
07703319022
07956581778
07734414379
07902188769
07984606658
07715253831
07746969520
07909339113
07738551355
07809769396
07548765421
07967484041
07541066771
07715968974
07739490832
07736669144
07848015690
07716003596
07856778098
07592650422
07522305858
07999332798
07752885540
07968763683
07803469242
07706585018
07948823259
07857565847
07749620362
07715408115
07564018257
07886700397
07706608689
07592166411
07840115235
07738684115
07791881770
07999955937
07946475940
07598600476
07502225725
07936799423
07729766842
07871745296
07917096300
07877784431
07704260077
07738826778
07725877152
07592166411
07730885547
07765642915
07736772142
07517368553
07894097803
07909339113
07709926153
07832394538
07739490832
07738098070
07718329207
07742490969
07885497879
07889603626
07957204361
07590188288
07947101472
07710632212
07375129176
07565211101
07731531356
07548927346
07858511551
07896305601
07956309203
07754045541
07834693389
07823530119
07890627805
07515143521
07955615688
07850273433
07713159725
07547306143
07793227499
07598674012
07729678294
07740944062
07928756300
07934677722
07786863941
07739389984
07714232228
07707356465
07543011821
07843847200
07867833799
07925980097
07875090795
07515412323
07741160711
07984203574
07935626660
07583156264
07841209201
07784329274
07803300522
07583235355
07841087700
07703848755
07521139992
07712186111
07742770978
07564091211
07540190610
07449915551
07515355183
07922577081
07719123917
07985552525
07889046732
07563997073
07947120588
07759548553
07983488079
07889948078
07527521312
07707356379
07860103891
07477628886
07856815402
07872831799
07739010646
07877329164
07715360244
07912038892
07970502583
07543720915
07740987577
07738856250
07715011230
07887635889
07740598770
07886875180
07510088382
07751825735
07714711018
07554423236
07515653063
07921177752
07710827640
07795562840
07894101661
07783278745
07517262934
07711779785
07712265493
07740981434
07754883321
07857034803
07809232245
07565016702
07752885540
07761808798
07515472175
07912850161
07594924798
07816012718
07598849009
07912531026
07731460370
07860242434
07593647123
07722594225
07933396065
07876772531
07729266793
07919939996
07729405916
07761078332
07505113577
07727725200
07970221412
07707356467
07568180163
07545218352
07584428073
07565228001
07511914446
07715561601
07769298676
07702012479
07984203271
07523360059
07713647072
07595538673
07756645736
07704525004
07802436455
07921912509
07880325694
07912746607
07535640072
07599993321
07784854643
07970423761
07889692257
07806093160
07973151382
07753533562
07568330101
07574605542
07970758989
07756953499
07812582752
07873440600
07546053300
07753283144
07513840149
07707984488
07956600001
07512663469
07718984412
07724927206
07710511625
07725656767
07513999525
07783515359
07714362858
07821976119
07711787841
07795415235
07936899475
07780368475
07974487124
07989732007
07518399670
07564779011
07522440058
07921221899
07739374572
07940735149
07771778456
07786125942
07568192307
07749151555
07766779850
07929794687
07834817838
07595558766
07761538184
07801570436
07544264960
07860771565
07710769140
07746633174
07563475557
07709480811
07889876405
07933514230
07889251981
07990883529
07721325313
07761288330
07714900572
07429412838
07747805770
07707320001
07927283256
07931533280
07843696406
07718950465
07568553248
07907584767
07941311156
07763996567
07809145551
07720200455
07701034992
07962339451
07707262735
07718190531
07720895921
07749393944
07709364865
07787124665
07703287959
07540161002
07734256703
07874947365
07712729129
07702745122
07730588630
07872107004
07850460485
07548687555
07521130725
07743242737
07900907280
07745458015
07519172444
07912077051
07903232108
07710894156
07708808396
07729816234
07745347550
07732275777
07577490137
07771828856
07902741411
07598188319
07429881562
07858027337
07594770742
07549771995
07720859701
07889473520
07894521979
07835148081
07710646585
07783098129
07523411791
07516718584
07864776965
07793888025
07511933380
07752423979
07860661325
07783632459
07857565034
07590254310
07834386313
07801593646
07545858512
07834854866
07889453655
07562981582
07404781956
07720887859
07736713792
07739761666
07512091426
07955332356
07595217358
07419995688
07540279149
07894716120
07834745966
07564398719
07856613180
07731934037
07961036725
07871734500
07711161056
07706251110
07510769610
07934647543
07886412945
07907502666
07764745354
07753193199
07966517379
07961780055
07595177156
07710529769
07710246918
07740145843
07906027048
07850590662
07595379833
07872349898
07960340386
07796684102
07590602818
07526449271
07871222374
07712434878
07562974155
07716539845
07710671945
07842763793
07597798521
07716953829
07518949567
07588247691
07746133613
07732372463
07733113621
07438900283
07712409781
07809877086
07756643448
07796380380
07712806206
07453284492
07874002133
07525148986
07958358810
07803317408
07715495843
07595771333
07751226131
07885572611
07790360271
07891310747
07834563453
07768902767
07804694891
07917014575
07767650161
07517702397
07986788109
07850522193
07739743807
07526150981
07849524287
07912617462
07798922490
07754210109
07521383264
07568590580
07729343567
07910606526
07825235899
07769223510
07525753275
07889656978
07895220774
07774159393
07845810068
07821024896
07519197798
07718269610
07793638431
07710233454
07542486745
07889731481
07864618666
07708717873
07702594679
07704964108
07716637838
07597902508
07809419616
07802251941
07841987736
07762506706
07958215105
07521684787
07938000373
07753350197
07741277923
07383139957
07711222383
07767712846
07708590841
07799627470
07714438580
07933331814
07931924456
07971432371
07596067324
07864881296
07738246330
07763859663
07505093444
07850940119
07972322104
07545125752
07767157108
07734316713
07734822224
07951147952
07713077274
07789691842
07518413902
07599973682
07730643076
07923536959
07989862177
07561453366
07901734094
07917852140
07710256525
07863337068
07999594559
07702478466
07590552613
07740175126
07506694839
07768464744
07712768888
07745642513
07712001273
07869494087
07725331413
07596726290
07762194292
07834811696
07702554304
07548049986
07395741315
07543554028
07872338266
07734449795
07708716408
07756115806
07921298872
07463515154
07748027730
07515376259
07946481073
07973980440
07981681953
07921861537
07761705016
07756612134
07502502555
07872374370
07889663565
07958471071
07809340873
07545396083
07395541491
07932629694
07970537841
07763892016
07984829465
07841386113
07595218891
07546055672
07841657168
07845382563
07395881451
07714790326
07734699114
07543099082
07754395275
07712149490
07871514826
07887525141
07734399497
07710698432
07754709536
07871832861
07703296480
07872005882
07734738101
07512825847
07713814533
07548459457
07596738448
07877679132
07923110642
07934891156
07928508178
07835543366
07756631726
07713127910
07891427797
07826521705
07880733132
07885774755
07547226161
07929781554
07594056141
07868182883
07837517260
07988564180
07771362167
07921461946
07889236433
07860174135
07834233346
07725041280
07930185979
07760234325
07879430602
07541455966
07592165290
07973375242
07568145934
07951055482
07710641394
07515790289
07803498177
07727024575
07903500941
07881431575
07731360450
07515666321
07801594838
07561279095
07821750078
07723356741
07720769718
07710595055
07841975454
07933537502
07738824380
07592393318
07895605042
07821539313
07729218410
07761199261
07791201486
07800810165
07561290088
07718137259
07702026445
07599571025
07938842980
07725236242
07709795048
07889014890
07773747060
07841743204
07446171055
07956229879
07511056345
07919384419
07518582807
07980174441
07903994828
07512733918
07971139009
07949074195
07783114351
07527819810
07917797084
07719628335
07592743114
07855763126
07948232238
07858638757
07710550886
07713451794
07511750805
07808506591
07783675719
07818452350
07703176162
07926249078
07923380746
07703331533
07778502219
07736233113
07850327513
07710446540
07956876160
07711814425
07773025132
07494199818
07591890008
07840663547
07767698278
07578913391
07767446432
07955922121
07817031458
07545458430
07860629421
07954005744
07736837573
07796052311
07925432048
07710576606
07543772507
07850543164
07985023829
07548713294
07545595807
07720286447
07720295896
07974812642
07850051238
07811355602
07871509089
07772921818
07928385555
07912977544
07763465093
07711821277
07743642873
07936442245
07885498917
07809381166
07948833243
07596366420
07599899748
07840063099
07394240140
07738900470
07341844743
07712169131
07704327207
07803785361
07703798839
07763255880
07706401847
07740680738
07814271460
07545855027
07734888685
07938119927
07715662312
07703385868
07885245166
07761063727
07889868358
07851778775
07956291392
07515894207
07763783767
07950906355
07885660915
07808830902
07763141048
07951361567
07743186961
07872468704
07793893500
07921467391
07857490286
07802643074
07845585942
07540876272
07921818981
07808057234
07708838056
07702005434
07894571104
07939404829
07597428313
07584966999
07517815927
07564918635
07838592607
07923806889
07840203577
07590472480
07592683331
07702228613
07857617902
07702350491
07779550555
07834956626
07864117350
07718246974
07841771760
07712515385
07921822768
07702045849
07713229735
07951609469
07914471783
07522127998
07926501770
07704459886
07809767098
07713358542
07515887858
07736001880
07845555648
07809344105
07751685952
07801350441
07955019828
07738409701
07719697462
07545707514
07702572957
07907272168
07956396584
07960497606
07541900663
07787063831
07590272792
07803418047
07522264814
07710600557
07955222810
07970569902
07729160561
07729429558
07543140715
07803173559
07843613341
07460376594
07999556554
07455868555
07740196393
07549645409
07803833627
07734580773
07912220037
07725258918
07708875622
07882316456
07803702165
07967221478
07523693739
07909876746
07952888602
07876778891
07704509024
07821806405
07421748489
07963935463
07788711750
07714365313
07960880981
07730609383
07710105689
07731979997
07850377833
07453322056
07756324494
07436817834
07834015431
07711258220
07710516453
07515929405
07429492814
07792372271
07826262399
07771615962
07519011999
07708924637
07841027699
07923372488
07793218302
07718184458
07802658203
07818034517
07493500200
07706339577
07927082568
07783471350
07799344185
07866147147
07827918318
07753652856
07715841714
07956525320
07702085797
07720897077
07734922429
07590768093
07731521506
07912179568
07912446218
07849938343
07841865775
07856042948
07834735979
07834799964
07743570677
07548647728
07501013176
07968098418
07736780011
07593552978
07542991447
07379003377
07837196400
07895001604
07894989383
07841517120
07818092397
07793725010
07753123231
07803150452
07437550099
07783143636
07715800753
07545342978
07815738291
07725945646
07565052548
07545773116
07515545714
07841367208
07763694118
07969780468
07720372737
07704911658
07957198128
07843089143
07708780912
07872342223
07784069645
07867867700
07515115823
07720890823
07709701035
07900152795
07581419773
07540670427
07749103835
07712281799
07912511183
07743924501
07754947003
07788421520
07707403896
07753683323
07738552650
07813873209
07872919571
07720378214
07715465505
07889129073
07860140482
07828117599
07873429848
07713047993
07791415621
07873692059
07562695125
07548702725
07701316982
07841669594
07809692704
07594368442
07757712291
07595766521
07814376505
07973890302
07522910891
07783928402
07845703949
07714035454
07754828195
07598863399
07519563610
07761997279
07805904929
07725090401
07818898982
07957236235
07511117371
07971391208
07732524545
07591395997
07944780528
07713767820
07751784503
07511624400
07766665419
07526848361
07877815221
07973759533
07590827166
07864550207
07762292508
07793122121
07801289279
07733320773
07515776271
07902760343
07793090554
07928209187
07802671860
07738848298
07851590203
07702329923
07513314148
07708895401
07515629700
07889234327
07921929938
07522395729
07730347991
07900893677
07790211211
07880798145
07932444488
07732410312
07753626156
07737548072
07545424531
07783546306
07783138360
07783107101
07598453337
07707849967
07952567373
07395718580
07517588493
07851433154
07513663555
07545872993
07715577010
07922369193
07864846526
07939975606
07713368397
07702888895
07701002030
07708929777
07964046275
07944429502
07522126357
07710547055
07872584236
07759351133
07742731608
07956994366
07710606737
07711669844
07708917646
07879020404
07940709974
07707033973
07740792188
07970505989
07762180135
07565780673
07944323263
07809609531
07871366008
07711226793
07515401668
07713138519
07935514997
07801368977
07802215832
07808399878
07837556996
07854723763
07515856810
07817175926
07940709974
07871366008
07879020404
07515401668
07808399878
07801368977
07565780673
07809609531
07711226793
07598797965
07740792188
07854723763
07762180135
07713138519
07971564484
07547313159
07946598107
07939429741
07971163542
07510308167
07515856810
07712595762
07704685500
07790504954
07802621871
07710958329
07587920593
07735377121
07702880003
07521731414
07944323263
07842585939
07955804199
07935514997
07740339526
07595898696
07545952284
07725472500
07793606456
07540081676
07720047058
07376081917
07534178170
07860163559
07587170442
07734474461
07740204072
07879020404
07940709974
